RDA2
A
2
197632
131840
1026
1
262153
9
solutions
4
0
253
254
19
29
254
254
254
254
254
254
254
254
254
254
254
254
254
254
254
254
254
254
254
1026
1
262153
5
run_1
787
3
14
10
0.01
0.02
0.03
0.04
0.05
0.01
0.02
0.03
0.04
0.05
14
10
0.9399999999999999
0.9399999999999999
0.9399999999999999
0.9399999999999999
0.9399999999999999
0.95
0.95
0.95
0.95
0.95
14
10
159.8898769699284
210.1153383592439
271.5522292861133
268.4995980830961
341.6316602411808
155.2127790678112
172.9743505011867
260.2871023637506
291.329648435375
304.6573366457949
1026
1
262153
5
names
16
3
262153
3
ins
262153
4
vacc
262153
3
max
1026
1
262153
9
row.names
13
2
NA
-10
1026
1
262153
5
class
16
2
262153
10
data.table
262153
10
data.frame
1026
1
262153
17
.internal.selfref
22
22
254
254
16
3
262153
3
ins
262153
4
vacc
262153
3
max
254
254
1026
1
262153
5
run_2
787
3
14
32
0.01
0.02
0.03
0.04
0.05
0.06
0.06999999999999999
0.08
0.01
0.02
0.03
0.04
0.05
0.06
0.06999999999999999
0.08
0.01
0.02
0.03
0.04
0.05
0.06
0.06999999999999999
0.08
0.01
0.02
0.03
0.04
0.05
0.06
0.06999999999999999
0.08
14
32
0.93
0.93
0.93
0.93
0.93
0.93
0.93
0.93
0.9400000000000001
0.9400000000000001
0.9400000000000001
0.9400000000000001
0.9400000000000001
0.9400000000000001
0.9400000000000001
0.9400000000000001
0.9500000000000001
0.9500000000000001
0.9500000000000001
0.9500000000000001
0.9500000000000001
0.9500000000000001
0.9500000000000001
0.9500000000000001
0.96
0.96
0.96
0.96
0.96
0.96
0.96
0.96
14
32
152.2299816997547
240.222387382705
244.2931462790191
268.9021253903003
327.9268969845698
354.8252469470008
361.7626652086773
375.5663237896519
174.7057499074819
217.7480706980228
228.0450331672829
307.4231043337579
325.9324447792861
334.4264269825143
364.5568940706326
400.8576378127851
165.5051596914528
206.3355793392527
259.2526107447719
266.6302947598789
297.4527245429024
378.5326556755246
350.7721938601753
384.8853019664274
152.84844355341
254.23317766802
251.100154327424
304.6223855341698
314.3420479677904
353.8790414943338
380.1446832901517
394.2206087299984
1026
1279
16
3
262153
3
ins
262153
4
vacc
262153
3
max
1026
1535
13
2
NA
-32
1026
1791
16
2
262153
10
data.table
262153
10
data.frame
1026
2047
22
22
254
254
16
3
262153
3
ins
262153
4
vacc
262153
3
max
1026
1
262153
5
index
525
0
1026
1
262153
6
__vacc
13
0
254
254
254
254
254
254
254
254
254
254
254
254
254
